1000043
1000070
1000083
1000097
1000106
1000109
1000120
1000135
1000164
1000188
1000204
1000227
1000235
1000244
1000277
1000300
1013212
1029753
1003489
1003564
1021299
1000310
1000326
1000336
1000353
1000375
1000382
1000407
1000417
1000422
1000436
1000453
1000465
1000476
1000493
1000509
1000526
1000547
1000563
1000588
1000598
1000613
1000626
1000645
1000672
1000694
1000712
1000728
1000744
1000762
1000779
1000796
1000815
1000832
1000853
1000865
1000880
1000900
1000915
1000934
1000951
1000957
1000974
1000997
1001010
1001026
1001037
1001052
1001068
1001084
1001095
1001111
1001133
1001140
1001155
1001169
1001182
1001208
1001220
1001227
1001247
1001268
1001289
1001308
1001326
1001343
1001371
1001388
1001405
1001416
1001429
1001452
1001472
1001485
1001495
1001520
1001532
1001550
1001572
1001589
1001602
1001619
1001642
1001659
1001671
1001691
1001708
1001723
1001739
1001767
1001795
1001808
1001827
1001842
1001851
1001871
1001894
1001910
1001925
1001941
1001959
1001974
1001989
1002005
1002022
1002033
1002049
1002065
1002085
1002096
1002110
1002124
1002138
1002157
1002181
1002199
1002216
1002231
1002247
1002265
1002280
1002292
1002307
1002323
1002339
1002356
1002376
1002387
1002397
1002412
1002437
1002451
1002464
1002472
1002483
1002490
1002512
1002525
1002545
1002568
1002586
1002595
1002607
1002622
1002644
1002669
1002684
1002695
1002706
1002728
1002738
1002758
1002774
1002789
1002805
1002819
1002835
1002855
1002872
1002883
1002897
1002913
1002933
1002946
1002962
1002979
1002991
1003006
1003025
1003044
1003064
1003083
1003094
1003107
1003130
1003141
1003156
1003175
1003186
1003217
1003230
1003245
1003258
1003268
1003281
1003302
1003314
1003330
1003343
1003365
1003380
1003396
1003410
1003423
1003437
1003454
1003727
1003754
1003762
1003824
1003844
1003865
1003810
1003892
1003905
1003921
1003934
1003950
1003971
1003990
1004006
1004019
1004033
1004048
1004067
1004084
1004100
1004115
1004129
1004149
1004165
1004176
1004190
1004204
1004216
1004228
1004246
1004260
1004268
1004286
1004300
1004315
1004330
1004341
1004353
1004370
1004387
1004405
1004420
1004438
1004448
1029445
1004465
1004485
1004501
1004520
1004531
1004545
1004556
1004569
1004589
1004605
1004621
1004632
1004639
1004653
1004675
1004695
1004706
1004729
1004747
1004763
1004771
1004780
1004789
1004804
1004817
1004834
1004850
1004864
1004881
1004898
1004911
1029643
1029644
1029646
1029645
1004930
1004955
1004963
1004973
1004997
1005016
1005027
1005040
1005055
1005069
1005085
1005111
1005125
1005135
1005149
1005157
1005166
1005195
1029668
1029667
1005218
1005238
1005260
1005281
1005288
1005295
1005321
1005347
1005368
1005388
1005402
1005420
1005436
1005451
1005456
1005480
1005495
1005506
1005518
1005533
1005545
1005557
1005575
1005592
1005612
1005633
1005655
1005667
1005683
1005699
1005715
1005729
1005751
1005760
1005771
1005797
1005822
1005852
1005874
1005891
1005901
1005908
1005915
1005923
1005943
1005962
1005977
1005991
1006002
1006027
1006044
1006054
1006060
1006078
1006100
1006126
1029657
1029658
1029659
1029665
1029660
1029661
1029662
1029663
1029666
1029664
1006142
1006161
1006182
1006202
1006217
1006234
1006253
1006269
1006281
1006296
1006314
1006323
1006344
1006361
1006381
1006395
1006414
1006432
1006453
1006461
1006470
1006492
1006509
1006513
1006528
1006530
1006548
1006557
1006569
1006577
1006583
1006604
1006626
1006637
1006652
1006669
1006680
1006694
1006719
1006734
1006747
1006755
1029449
1006766
1006786
1006802
1006822
1006832
1006852
1006860
1006872
1006887
1006904
1006917
1006929
1006940
1006950
1006964
1029647
1006986
1006994
1029649
1029648
1007009
1007029
1007045
1007067
1007086
1007098
1007122
1007142
1007149
1007163
1007179
1007196
1007208
1007228
1007253
1007264
1007276
1007294
1007311
1007332
1007354
1021618
1021622
1021626
1021606
1021611
1021575
1021579
1021583
1021587
1021591
1021595
1021599
1021602
1021546
1021550
1021554
1021559
1021563
1021570
1021567
1021538
1021542
1020339
1020344
1020349
1020354
1020359
1020364
1020369
1020373
1020378
1020382
1020386
1020390
1020395
1020400
1020405
1020411
1020416
1020421
1020427
1020431
1020436
1020441
1020446
1020451
1020456
1020462
1020468
1020472
1020477
1020483
1020489
1020494
1020498
1020504
1020509
1020514
1020519
1020524
1020529
1020534
1020539
1020548
1020552
1020557
1020563
1020568
1020573
1020579
1020583
1020588
1020593
1020598
1020603
1020608
1020613
1020618
1020623
1020628
1020633
1020638
1020643
1020648
1020654
1020659
1020664
1020669
1020674
1020679
1020686
1020691
1020696
1020701
1020706
1020711
1020716
1020721
1020726
1020731
1020736
1020741
1020746
1020750
1020755
1020760
1020765
1020770
1020775
1020780
1020786
1020790
1020795
1020800
1020805
1020810
1020815
1020820
1020825
1020830
1020835
1020840
1020844
1020848
1020852
1020856
1020860
1020863
1020868
1020872
1020876
1020880
1020884
1020888
1020892
1020897
1020901
1020905
1020909
1020913
1020917
1020921
1020925
1020929
1020933
1020937
1020941
1020945
1020948
1020953
1020955
1020960
1020964
1020968
1020971
1020975
1020981
1020985
1020989
1020993
1020997
1021001
1021005
1021009
1021013
1021017
1021021
1021025
1021029
1021033
1021036
1021040
1021044
1021047
1021052
1021056
1021060
1021064
1021068
1021072
1021076
1021080
1021084
1021088
1021092
1021096
1021100
1021104
1021108
1021112
1021116
1021120
1021124
1021128
1019810
1019818
1019825
1019832
1019839
1019845
1019851
1019859
1019866
1019873
1019881
1019891
1019897
1019902
1019909
1019916
1019923
1019930
1019936
1019944
1019950
1019958
1019965
1019972
1019979
1019986
1019991
1019998
1020005
1020011
1020017
1020021
1020028
1020035
1020042
1020050
1020056
1020063
1020070
1020077
1020084
1020091
1020098
1020106
1020112
1020118
1020124
1020130
1020136
1020142
1020148
1020154
1020161
1020167
1020175
1020181
1020186
1020192
1020198
1020204
1020210
1020216
1020222
1020227
1020234
1020241
1020246
1020253
1020259
1020264
1020269
1020273
1020278
1020283
1020288
1020293
1020298
1020305
1020309
1020314
1020319
1020324
1020329
1020334
1018800
1018807
1018814
1018821
1018830
1018837
1018844
1018851
1018858
1018864
1018871
1018879
1018886
1018893
1018900
1018907
1018914
1018921
1018928
1018936
1018942
1018949
1018956
1018963
1018970
1018977
1018984
1018991
1018998
1019004
1019010
1019016
1019023
1019030
1019035
1019042
1019049
1019057
1019064
1019071
1019077
1019083
1019090
1019097
1019104
1019111
1019120
1019127
1019134
1019141
1019148
1019155
1019162
1019169
1019177
1019184
1019191
1019198
1019206
1019213
1019220
1019226
1019234
1019240
1019247
1019255
1019262
1019269
1019276
1019283
1019290
1019297
1019302
1019309
1019316
1019322
1019331
1019338
1019345
1019352
1019360
1019366
1019374
1019379
1019385
1019393
1019400
1019407
1019414
1019421
1019427
1019434
1019441
1019448
1019455
1019463
1019473
1019479
1019486
1019493
1019500
1019507
1019512
1019519
1019526
1019533
1019540
1019547
1019554
1019561
1019568
1019575
1019582
1019589
1019597
1019605
1019612
1019621
1019628
1019635
1019642
1019648
1019655
1019663
1019669
1019676
1019683
1019691
1019698
1019705
1019712
1019718
1019725
1019732
1019739
1019747
1019753
1019760
1019767
1019774
1019782
1019789
1019796
1019804
1018749
1029444
1029549
1018757
1018764
1018771
1029463
1029547
1029548
1029469
1018778
1018786
1029483
1018793
1018638
1018645
1018652
1018662
1018669
1018676
1018681
1018688
1018696
1018703
1018710
1018717
1018724
1018729
1018736
1018743
1017062
1017070
1017078
1017086
1017094
1017103
1017110
1017118
1017127
1029686
1029685
1017137
1029682
1017145
1017153
1017161
1029672
1029671
1017168
1029680
1029681
1017176
1017184
1017192
1017200
1029675
1029676
1029687
1029689
1029688
1017208
1017216
1017224
1017232
1017240
1029674
1029673
1017248
1017254
1029679
1029677
1029678
1017262
1029683
1029684
1017270
1017278
1017285
1017291
1017299
1017308
1017316
1017323
1017332
1017339
1017347
1017356
1017364
1017372
1017379
1017387
1017395
1017403
1017410
1017418
1029552
1029551
1017428
1017434
1017439
1017445
1017453
1017463
1017469
1017476
1017485
1017491
1017504
1017518
1017525
1017532
1029550
1017540
1017548
1017556
1017562
1017570
1029553
1017578
1017584
1017592
1017600
1017608
1017616
1017623
1017631
1017640
1017650
1029492
1029494
1029493
1017659
1017667
1029565
1029566
1017674
1029563
1029564
1017682
1029556
1029557
1029554
1029555
1029558
1029503
1017691
1017698
1017706
1029496
1017720
1017727
1017736
1017744
1017751
1017759
1017766
1017775
1017783
1017791
1017800
1017808
1017814
1017822
1017830
1017838
1017846
1017854
1017858
1017865
1029569
1017872
1017879
1017887
1017895
1029568
1017903
1017911
1017920
1017929
1017937
1017944
1017952
1017959
1017967
1017976
1017983
1017991
1029567
1017999
1018008
1018014
1018022
1018030
1018038
1018046
1018052
1018059
1018067
1018075
1018084
1018093
1018101
1018109
1018116
1018124
1018132
1018139
1018147
1018156
1018163
1018170
1018178
1018186
1029559
1029560
1029571
1029570
1029561
1018192
1018200
1018209
1018217
1018225
1018233
1018241
1018249
1018257
1018266
1018274
1018282
1018290
1018298
1018306
1018314
1018320
1018329
1018337
1018350
1018361
1018370
1018378
1018387
1018395
1018403
1018411
1018418
1018425
1018432
1018440
1018447
1018452
1018459
1018469
1018476
1018481
1018492
1018500
1018508
1018516
1018523
1018532
1018540
1018546
1018554
1018561
1018569
1018578
1018586
1029562
1018594
1018602
1018607
1018615
1018622
1018631
1017038
1017046
1017054
1017030
1016569
1029697
1016577
1029532
1029534
1029533
1016586
1016594
1016605
1016613
1016621
1016628
1016637
1016643
1029460
1016651
1016657
1016665
1016673
1016681
1016690
1016698
1016704
1016712
1016721
1016734
1016742
1016753
1016762
1016770
1016775
1016783
1016791
1016801
1016807
1029544
1029546
1029545
1016817
1016827
1016837
1016845
1016853
1016860
1016868
1016873
1016881
1016887
1016895
1016902
1016912
1016918
1016926
1016934
1029540
1029535
1029537
1029539
1029543
1029536
1029541
1029538
1029542
1016943
1016952
1016960
1016968
1016976
1016983
1016991
1017000
1017014
1017024
1016553
1016545
1016521
1016529
1016537
1016513
1016465
1016472
1016480
1016488
1016497
1016411
1016418
1016424
1016433
1016441
1016402
1016395
1016265
1016272
1016279
1016290
1016299
1016304
1016310
1016318
1016326
1016334
1016342
1016350
1016355
1016362
1016370
1016379
1016389
1016217
1029497
1016224
1029498
1029499
1016233
1016242
1016249
1029500
1016186
1016193
1016202
1016209
1016111
1016119
1016129
1016139
1016147
1016155
1016164
1016170
1016178
1016094
1015184
1015191
1015201
1015209
1015218
1015227
1015234
1015242
1015250
1015258
1015266
1015274
1015282
1015286
1015294
1015302
1015310
1015315
1015323
1015331
1015339
1015345
1015353
1015360
1015368
1015377
1015387
1015395
1015402
1015410
1015418
1015425
1015436
1015444
1015451
1015460
1015467
1015474
1015483
1015491
1015500
1015508
1015516
1015524
1015532
1015539
1015547
1015555
1015563
1015572
1015577
1015585
1015593
1015601
1015609
1015617
1015625
1015633
1015641
1015649
1015657
1015665
1015673
1015681
1015690
1015698
1015706
1015714
1015722
1015729
1015738
1015745
1015753
1015761
1015770
1015778
1015787
1015793
1015803
1015810
1015818
1015827
1015835
1015843
1015851
1015859
1015867
1015874
1015883
1015892
1015900
1015909
1015917
1015925
1015933
1015941
1015951
1015962
1015972
1015979
1015989
1015995
1016006
1016011
1016021
1015148
1015156
1015164
1014635
1014643
1014649
1014656
1014613
1014620
1014628
1014574
1014581
1014589
1014597
1014257
1014268
1014275
1014283
1014291
1014300
1014308
1014317
1014324
1014332
1014340
1014346
1014352
1014360
1014369
1014377
1014385
1014393
1014401
1014409
1014416
1014424
1014431
1014439
1014448
1014458
1014464
1014472
1014481
1014490
1014498
1014506
1014514
1014517
1014525
1014533
1014541
1014549
1014557
1014566
1014222
1014228
1014234
1014242
1014250
1013561
1013568
1013573
1013579
1013587
1013596
1013605
1013613
1013621
1013629
1013637
1013644
1013650
1029703
1029704
1029702
1013656
1013664
1013672
1013679
1013686
1029705
1013693
1013702
1013709
1013717
1013726
1013735
1013743
1013752
1013758
1013767
1013776
1013790
1013798
1013809
1013823
1013832
1013842
1013850
1013856
1013866
1013874
1013881
1013889
1013898
1013906
1013912
1013920
1013929
1013942
1013948
1013954
1013964
1013973
1013980
1013989
1013997
1014004
1014016
1014025
1014033
1029450
1029772
1029771
1014041
1014048
1029765
1029766
1029767
1029762
1029764
1029763
1029458
1029774
1029773
1014054
1014066
1014077
1014086
1014094
1014103
1014113
1014120
1014129
1014137
1014145
1014155
1014160
1014167
1029768
1029769
1029770
1014175
1014183
1014191
1014199
1014207
1014215
1013329
1013336
1013342
1013355
1013365
1013375
1013383
1013392
1013399
1013409
1013415
1013423
1013431
1013437
1013447
1013455
1013462
1013470
1013478
1013487
1013496
1013503
1013513
1013519
1013529
1013537
1013545
1013553
1013321
1013162
1013169
1013179
1013182
1013190
1013198
1013206
1013214
1013221
1013229
1013237
1013245
1013251
1013261
1013269
1013277
1013284
1013296
1013305
1013312
1012104
1012114
1012125
1012136
1012148
1012159
1012169
1012176
1012187
1012197
1012205
1029694
1029693
1012214
1012224
1012233
1029695
1029696
1012240
1012250
1012259
1012269
1029690
1029692
1029691
1012278
1012287
1012296
1029603
1029604
1012305
1029605
1029606
1012312
1012319
1012327
1012336
1012344
1012355
1012362
1012370
1012378
1012386
1012394
1012402
1012409
1012417
1012427
1012436
1012444
1012453
1012461
1012470
1029592
1012477
1012485
1012493
1012501
1012509
1012517
1012525
1012537
1029593
1012547
1012556
1012566
1012573
1012581
1012589
1012597
1012605
1012612
1012620
1012629
1012636
1029602
1029599
1029601
1029600
1012644
1012652
1012660
1029595
1029594
1029596
1029597
1012668
1029598
1012676
1012683
1029612
1029611
1012691
1012699
1012707
1012723
1012714
1012728
1012736
1012745
1012754
1012762
1012772
1012781
1012788
1012798
1012803
1012812
1012819
1012826
1012835
1012844
1012851
1012860
1012888
1012868
1012876
1012881
1012895
1012903
1012912
1012919
1012927
1012936
1012942
1012951
1012959
1012967
1012975
1012980
1012989
1012996
1013003
1013011
1013021
1013025
1013034
1029588
1029587
1029589
1029591
1029590
1013047
1013057
1013064
1013072
1029608
1029607
1013079
1029609
1029610
1013086
1013095
1013106
1013114
1013122
1013131
1013143
1013151
1028558
1029572
1029573
1011943
1011953
1011963
1011973
1011983
1011993
1012004
1012013
1012021
1012033
1012043
1012053
1012063
1012075
1012085
1012094
1011927
1011305
1011313
1011322
1011332
1011343
1011355
1011366
1011378
1011383
1011396
1011407
1011420
1011430
1011440
1011451
1011459
1011472
1011483
1011496
1011508
1011517
1011526
1011538
1011550
1011563
1011574
1011585
1011596
1011605
1011620
1011630
1011638
1011648
1011665
1011678
1011689
1011698
1011709
1011724
1011735
1029574
1029576
1029575
1029577
1011745
1011757
1011769
1011777
1011788
1029582
1029579
1029581
1029585
1029578
1029586
1029583
1029580
1029584
1011800
1011813
1011825
1011836
1011846
1011858
1011874
1011889
1011904
1011916
1011066
1011280
1010788
1010796
1010808
1010820
1007370
1007387
1007402
1007414
1007428
1007446
1007464
1007476
1007490
1007505
1007521
1007532
1007553
1007563
1007572
1007591
1007608
1007625
1007637
1007660
1007675
1007688
1007704
1007718
1007735
1007748
1007762
1007777
1007795
1007806
1007817
1007827
1007846
1007860
1007884
1007899
1007919
1007932
1029446
1007944
1007956
1007974
1007990
1008007
1008019
1008034
1008046
1008061
1008076
1008086
1008106
1008117
1008127
1008133
1008147
1008167
1008172
1008185
1008199
1008208
1008220
1008230
1008240
1008254
1008269
1008284
1008297
1008313
1008326
1008337
1008349
1008363
1008376
1008392
1008402
1008412
1008424
1029650
1029651
1029653
1029652
1008434
1008454
1008472
1008485
1008499
1008510
1008526
1008537
1008544
1008553
1008563
1008578
1008588
1008602
1008619
1008625
1008630
1008636
1008646
1008652
1029669
1029670
1008661
1008676
1008701
1008713
1008725
1008744
1008752
1008771
1008787
1008803
1008818
1008831
1008841
1008853
1008864
1008877
1008893
1008904
1008918
1008930
1008942
1008954
1008967
1008979
1008993
1009004
1009017
1009029
1009041
1009052
1009065
1009075
1009089
1009099
1009112
1009123
1009138
1009145
1009158
1009174
1009189
1009200
1009211
1009221
1009236
1009245
1009262
1009276
1009289
1009298
1009310
1009326
1009339
1009350
1009364
1009375
1009386
1009399
1009411
1009426
1009439
1009449
1009460
1009469
1009481
1009492
1009501
1009510
1009524
1009540
1009548
1009557
1009568
1009580
1009591
1009601
1009611
1009626
1009642
1009655
1009664
1009676
1009693
1009706
1009717
1009723
1009735
1009744
1009757
1009773
1009785
1009797
1009809
1009818
1009833
1009845
1009858
1009871
1009883
1009895
1009907
1009917
1009929
1009946
1009960
1009970
1009986
1010000
1010011
1010023
1010035
1010047
1010059
1010074
1010083
1010094
1010098
1010109
1010119
1010125
1010134
1010145
1010155
1010165
1010177
1010189
1010206
1010216
1010227
1010238
1010250
1010261
1010272
1010282
1010293
1010306
1010317
1010332
1010340
1010351
1010361
1010369
1010379
1010391
1010425
1010434
1010444
1010460
1010474
1010482
1010493
1010504
1010515
1010530
1010540
1010552
1010562
1010574
1010584
1010636
1010646
1010656
1010666
1010677
1010688
1010703
1010712
1029654
1010725
1010732
1029656
1029655
1010743
1010754
1010761
1010771
1021342
1022525
1021322
1029725
1021449
1029758
1001300
1002582
1001858
1021458
1001773
1021421
1001607
1021445
1016085
1029732
1021425
1003602
1016561
1029751
1001287
1001927
1021429
1021330
1012376
1029727
1021433
1029740
1021354
1017475
1003019
1021453
1010934
