1001810
1003543
1001691
1003454
1006994
1010732
1014048
1029762
1021322
1029755
1029756
1013561 
1013568 
1013573 
1013579 
1013587 
1013596 
1013605 
1013613 
1013621 
1013629 
1013637 
1013644 
1013650 
1029703 
1029704 
1029702 
1013656 
1013664 
1013672 
1013679 
1013686 
1029705 
1013693 
1013702 
1013709 
1013717 
1013726 
1013735 
1013743 
1013752 
1013758 
1013767 
1013776 
1013790 
1013798 
1013809 
1013823 
1013832 
1013842 
1013850 
1013856 
1013866 
1013874 
1013881 
1013889 
1013898 
1013906 
1013912 
1013920 
1013929 
1013942 
1013948 
1013954 
1013964 
1013973 
1013980 
1013989 
1013997 
1014004 
1014016 
1014025 
1014033 
1029450 
1029772 
1029771 
1014041 
1014048 
1029765 
1029766 
1029767 
1029762 
1029764 
1029763 
1029458 
1029774 
1029773 
1014054 
1014066 
1014077 
1014086 
1014094 
1014103 
1014113 
1014120 
1014129 
1014137 
1014145 
1014155 
1014160 
1014167 
1029768 
1029769 
1029770 
1014175 
1021132 
1021136 
1021140 
1021144 
1021148 
1021152 
1021156 
1021160 
1021164 
1021168 
1021171 
1021175 
1021180 
1021183 
1021189 
1021192 
1021197 
1021200 
1021204 
1021208 
1021212 
1021216 
1021220 
1021224 
1021228 
1021232 
1021236 
1021240 
1021244 
1021247 
1021251 
1021255 
1021260 
1021263 
1021267 
1021271 
1021275 
1021279 
1021283 
1021287 
1021291 
1021295 
1021299 
1021303 
1029739 
1029741 
1029740 
1021307 
1029742 
1029744 
1029743 
1021311 
1029745 
1029747 
1029746 
1021315 
1029748 
1029750 
1029749 
1021318 
1021322 
1021326 
1021330 
1029751 
1021334 
1021338 
1021342 
1021346 
1021350 
1029707 
1029712 
1029713 
1029715 
1029714 
1029716 
1029717 
1029719 
1029718 
1029708 
1029709 
1029711 
1029710 
1029729 
1029733 
1029734 
1029735 
1029736 
1029737 
1029738 
1029730 
1029731 
1029732 
1029706 
1029723 
1029724 
1029725 
1029726 
1029727 
1029728 
1029720 
1029721 
1029722 
1021354 
1021358 
1021362 
1021366 
1021370 
1021374 
1021378 
1021382 
1021386 
1021390 
1021393 
1021397 
1021401 
1021405 
1021409 
1021413 
1021417 
1029491 
1029489 
1029490 
1021421 
1021425 
1021429 
1021433 
1021437 
1021441 
1021445 
1021449 
1021453 
1029755 
1029759 
1029761 
1029760 
1029756 
1029758 
1029757 
1021458 
1021462 
1021466 
1021470 
1021474 
1021478 
1021482 
1021486 
1021490 
1021494 
1021498 
1021502 
1021507 
1021511 
1029700 
1021515 
1021519 
1021523 
1021527 
1021530 
1029754 
1029752 
1029753 
1021534 
1015119 
1015126 
1015134 
1006142 
1006161 
1006182 
1006202 
1006217 
1006234 
1006253 
1006269 
1006281 
1006296 
1006314 
1006323 
1006344 
1006361 
1006381 
1006395 
1006414 
1006432 
1006453 
1006461 
1006470 
1006492 
1006509 
1006513 
1006528 
1006530 
1006548 
1006557 
1006569 
1006577 
1006583 
1006604 
1006626 
1006637 
1006652 
1006669 
1006680 
1006694 
1006719 
1006734 
1006747 
1006755 
1029449 
1006766 
1006786 
1006802 
1006822 
1006832 
1006852 
1006860 
1006872 
1006887 
1006904 
1006917 
1006929 
1006940 
1006950 
1006964 
1029647 
1006986 
1006994 
1029649 
1029648 
1010035 
1010047 
1010059 
1010074 
1010083 
1010094 
1010098 
1010109 
1010119 
1010125 
1010134 
1010145 
1010155 
1010165 
1010177 
1010189 
1010206 
1010216 
1010227 
1010238 
1010250 
1010261 
1010272 
1010282 
1010293 
1010306 
1010317 
1010332 
1010340 
1010351 
1010361 
1010369 
1010379 
1010391 
1010405 
1010416 
1010425 
1010434 
1010444 
1010460 
1010474 
1010482 
1010493 
1010504 
1010515 
1010530 
1010540 
1010552 
1010562 
1010574 
1010584 
1010636 
1010646 
1010656 
1010666 
1010677 
1010688 
1010703 
1010712 
1029654 
1010725 
1010732 
1029656 
1029655 
